1 1.74648087255492 2.10571489908056 0.165166584646279 0.0672447150827267 1.2276920286281 0.553462406556323 71 62 292.206526389045
2 1.43905412361353 1.87198121785199 0.124438924269615 0.0537456968155875 1.15894767094185 0.59902769821124 72 62 302.968535334308
3 1.4321525031437 2.55115934546853 0.0764407822962934 0.206848042469501 0.958401027638244 0.265088436753586 71 48 303.100334236446
4 1.5368828556436 1.80867869973728 0.0478151007964963 0.20445797746514 1.07915892139306 1.23013798847069 71 41 295.52657786905
5 1.71710818655682 2.22783528208292 0.0561925718531564 0.207344006623652 0.984452589534653 1.55479712701193 73 47 304.633181527551
6 1.58071748939132 2.43646661902969 0.153812352292361 0.155357538027963 1.06527345967063 0.752632623166353 74 59 301.877678189417
7 1.75469359336137 2.17203775565925 0.0637595083728973 0.239656168204872 1.13131716592338 4.19545849077643 71 45 295.010757026537
8 1.72936252577786 2.48074072084275 0.135567398165337 0.224879014313341 1.24049237413274 0.899476898213851 72 45 304.579193052253
9 1.77484760537717 1.64279795365764 0.168479232521958 0.0667008335200164 1.08766956777187 2.16216671097027 71 50 298.050690539205
10 1.47840620308474 1.76920034953731 0.112910533769189 0.177533024971697 1.09680360263359 0.00100763567318813 75 50 298.676238774263
11 1.682436520615 1.86261601388223 0.050138528157859 0.0750109231724846 0.988136890140378 0.357008861236387 74 65 300.026155642722
12 1.77782855494806 2.41791181715449 0.0568684431325715 0.0964193107680058 0.914348408824189 0.222083947499615 73 53 297.267535636753
13 1.63989091801993 2.00658385482612 0.089049840239716 0.243101707463065 1.32443334201171 0.0751393787234872 74 55 304.304513897187
14 1.7016716355425 2.07887706368938 0.13206305570481 0.107578543080447 1.32721867166599 4.13354944901757 71 59 299.190046608835
15 1.54930600855401 1.89751206200473 0.0731277613828608 0.125284668731211 1.29815136780496 3.05623434291147 73 40 296.097765415782
16 1.45223235218074 1.88215110077718 0.140187737671449 0.0951199325896288 1.02339335760556 0.609149018197176 71 44 293.467607424102
17 1.69767563087296 2.45793173198943 0.0796541858834024 0.233698209045464 1.14015002036509 0.188802620212386 75 39 301.416249003282
18 1.63452023963337 1.98488959386378 0.0813652323207759 0.128407219607461 1.06583838421885 0.633248742010084 71 63 293.219761905972
19 1.79879550924841 2.56553946295243 0.0821538342395599 0.253288467605116 1.16954189780254 0.255291363165159 75 54 292.952971418255
20 1.49952690371907 2.21585636142711 0.173288267456025 0.0819656629136469 1.2069537021673 0.236036058307752 73 68 304.93872879677
21 1.53104218861851 2.54798680628449 0.0363271085761884 0.120226295026614 1.28674557975357 0.103495636553881 72 60 297.24845323596
22 1.57444965030651 2.25294526025771 0.12062633036793 0.0391726030026165 1.04798946213871 2.14192577834154 75 49 293.539412953006
23 1.40467149391467 2.50622958286582 0.145314408675052 0.230386696513779 1.11415956388123 0.667701058793583 72 43 294.584691274754
24 1.41795791232126 1.69271211540262 0.101163053664893 0.231900460318833 1.20347176808009 0.142357323269164 75 53 295.073036417746
25 1.55114486448732 2.43540220474316 0.137854517887605 0.0981601169793958 1.32839354317967 2.00882978638945 71 39 298.166742369018
26 1.56684686800827 2.5592247044886 0.143373686083824 0.214200897554124 1.25897077748473 0.943384246681785 72 45 302.456002962545
27 1.53364326566589 2.51338483363033 0.138862437315071 0.250247287088435 1.10814345005626 0.509221019426947 73 62 299.748623356548
28 1.69629639036725 1.86531545710146 0.0439330329563219 0.0303664407417465 1.24975099456392 1.62893575068827 71 39 303.56202992805
29 1.50868211025833 2.41698501001854 0.0920725599432903 0.0348732507590328 0.986497921984812 0.0154448794929509 72 46 304.435890546652
30 1.62447865666129 1.83678491782328 0.141044616160549 0.202211119324027 1.22273257465021 0.0902670959361484 75 63 298.228361911839
31 1.79428011561701 2.25780506043769 0.109793590307255 0.225565526632402 1.03995105032985 2.86101022684238 73 55 294.814581220181
32 1.58571507742749 2.26319742975244 0.118578066658099 0.121198044682096 1.30904796817039 1.05810605776544 74 61 298.804957959211
33 1.59150089529518 2.29944595523213 0.092890129451669 0.0984101727752878 1.14520159223373 0.514858125030234 72 45 300.127108592696
34 1.47425139483757 2.28542557917845 0.0686548880577348 0.203485474591865 1.00542946009444 0.820689054787243 71 39 302.791310860836
35 1.45950154342509 1.67233327682586 0.0697996161522588 0.156455399071407 1.30367579646302 0.0459109972050241 73 67 297.439266802832
36 1.56200788396772 2.29612116780119 0.03657960631283 0.159588088612151 1.19848802519293 0.548979568500213 75 70 297.056408168171
37 1.44931525932296 2.33039974405675 0.112204126193243 0.0899912980130751 1.30969373548727 0.0696486722094978 72 58 298.295075523991
38 1.51614284513618 2.36321045720925 0.0777949601727382 0.0396636799019268 1.32526559944131 3.26007210263791 75 40 299.611856882397
39 1.41274824243937 2.42768029016252 0.171014153137125 0.0549659407328953 1.19076314062443 0.37085284401917 73 59 300.954736016424
40 1.43729681344823 2.09737650533827 0.0720237250097491 0.103595866479666 0.931428606965419 0.28564542613493 72 58 299.589478412551
41 1.43670794695494 1.64082895911316 0.113233505244251 0.242740667957197 0.938468000798059 0.567343294271365 73 49 303.056478793259
42 1.63075668765524 2.11142055109114 0.0397024132388489 0.230533363141921 1.13808904871917 1.01193953195066 73 60 300.265113014859
43 1.67086461659824 2.20939184816843 0.159933336781114 0.0699823947086608 1.22013336282851 1.64132435559841 72 48 296.917918725086
44 1.64957095987186 1.70131193976722 0.143320092741156 0.139615759256102 1.28190658994917 1.19792956524221 73 56 297.1498841496
45 1.74268910418686 1.74162214852533 0.0676734752787556 0.138908097094958 1.23884353501984 1.74735581480122 74 56 303.384447791351
46 1.71941748712871 1.99659364000058 0.132758370846387 0.227846140957833 1.26130192704037 0.301047348611503 75 70 302.540539785145
47 1.44179988244536 1.72306477808442 0.103628586847954 0.203582604394178 1.15536907736613 2.88352025763049 73 46 304.042498125171
48 1.69712069611499 1.7217429397822 0.0432552097850054 0.188177856475248 1.0549764672366 2.44656789240059 75 62 294.639973308983
49 1.69219383271887 1.69619601059289 0.0555478130198635 0.12799830046203 1.24402246019535 4.05860033891866 74 52 300.505383658827
50 1.4890439366371 2.51614633324066 0.0511541416177951 0.123454844842188 1.18699081271532 0.716802447633982 75 65 296.02673747131
51 1.68111133179292 1.97482660487836 0.157083171662063 0.0975216575051448 0.983915030267232 2.65182054354437 71 44 292.488744537232
52 1.44515738693802 1.93294029752344 0.141622893161872 0.112254729734067 1.11316054610425 0.115188207887335 74 49 301.363751387869
53 1.68296365381044 2.26556354445588 0.144186487101011 0.108702875085379 0.911590940590659 0.827762657422202 73 57 302.256506518096
54 1.4917505537645 2.03165492634322 0.158032029969902 0.0593598031565658 1.09362792237029 0.205469444749427 74 50 293.611445641825
55 1.51070529789203 2.44853433774398 0.0406492911416815 0.215664200466243 1.24598541395298 0.615648524907725 73 61 303.932318280284
56 1.44998300906155 2.46367629648157 0.041300417851402 0.244863002409026 0.939099437133173 3.46322361256544 75 51 304.223320790162
57 1.67185228736656 2.26999985618516 0.111234729946497 0.241056656541648 1.25357401135775 0.109160058956292 71 41 295.983430017608
58 1.74222625395813 2.28748339165674 0.168928659641757 0.0400777684932777 1.01158750734205 0.612526931438488 74 43 294.915623573337
59 1.55745894523241 2.33406282679198 0.122789271206686 0.0931341776760643 1.29771478406075 1.43629312237153 73 39 300.275207204511
60 1.57376288348489 1.9121827144572 0.0855034084939187 0.2065289589509 1.31707609198135 0.326753443521372 73 56 299.448299191538
61 1.75023193746003 2.35164653560461 0.121391866480316 0.0638993097577163 1.299322007495 1.58629619887922 74 54 299.350385430074
62 1.64333979494801 2.15156139952996 0.136641895986339 0.25241373234656 1.08354968687578 0.705591875783892 72 50 297.607710008085
63 1.50354505871753 2.53676572837368 0.0999581682609232 0.158396075959266 1.12424865681236 0.840564455194164 72 53 294.722729930503
64 1.69282781258552 2.12990082308715 0.162785724122974 0.135698439870755 1.17354559366423 1.82457692580885 75 58 293.44240542351
65 1.79498984886018 2.48802568280896 0.0401920479069336 0.151109197782957 1.18197823691832 1.60489348464654 71 48 301.339226939255
66 1.48799998240896 2.54225100299691 0.130106580247171 0.0942914890227801 1.06636427347242 1.50795995668128 73 45 304.687838305161
67 1.40883844079217 2.21230902298029 0.0792267688372177 0.0600543932397632 0.974119882852518 0.30295816849739 75 48 301.796451268572
68 1.54745778743451 2.59031943819198 0.0435307555264501 0.10082753357128 0.91998513570261 0.710469987393934 75 61 294.863468033765
69 1.51043078214974 2.47595097550192 0.128355424751583 0.174469113400582 1.32929399386044 1.52955413376292 74 52 300.620698048302
70 1.54823336079201 2.13283968903369 0.0796911566724968 0.13631372875898 0.976627959695999 0.589247943278852 71 43 304.099188263314
71 1.52649258224092 2.03991173764044 0.0723184249036744 0.246641090646521 1.22736305380243 1.75922707224995 74 40 304.381586034855
72 1.4813033747665 2.38742083293631 0.073802845311124 0.150353584072038 1.06755833293505 0.921187287521942 73 52 300.731407285382
73 1.46132243097615 1.89550111432685 0.0338401163478847 0.116032165670925 1.07378161039901 0.216703050049336 72 65 293.702660718833
74 1.59547167935379 1.94241736285656 0.161510285342561 0.256617601976445 1.08591103853335 0.339525842551744 75 61 295.725660016948
75 1.53502612380815 2.13762070338846 0.177987333587183 0.245892453071389 1.12301577765721 2.72732769908935 75 68 292.194611780951
76 1.54159231456259 2.49088655083851 0.148045482264663 0.0611931445085359 1.28259086156361 0.192183737099097 73 51 301.601665639019
77 1.70944465116006 2.61155506808437 0.100792814239931 0.198838799177858 1.08661484364245 0.0519550623228078 74 66 302.57357089803
78 1.71533446850394 2.56358752686508 0.0378265039500301 0.238838644276917 1.16495707018194 0.796008730070389 75 46 300.848045993528
79 1.41588423664919 2.46695170610608 0.16442712032211 0.169929335668692 1.31462827966193 0.739293500505964 75 69 304.738125486191
80 1.61811770061744 2.58006764931604 0.0992448625061227 0.153041940501522 1.09863750950996 0.494718772481514 73 64 292.560206758557
81 1.44204472788088 2.44072826428988 0.175384436352901 0.110263434691548 1.06011812660201 0.0951512864144082 75 40 292.330262225333
82 1.49599043728032 2.61099706852396 0.0441574967612455 0.0716238602683363 1.18414373947345 0.932235061388519 71 48 303.613317048943
83 1.4143008515718 1.81087516259122 0.123199683483536 0.240728210620216 1.12183111112718 1.14082042266047 73 66 301.196601224007
84 1.50150233974006 1.63328224103164 0.114813129416213 0.243513148749466 1.21805646594044 1.06463174702199 74 57 299.532578618728
85 1.56624707008779 1.65381082777447 0.118899850687023 0.0644359583045789 1.20082693224015 0.328506681574108 75 53 296.822041938863
86 1.66816284076301 1.97004351613627 0.054368639968094 0.109189871887139 0.934377941876715 3.3173292871395 75 41 302.692193851947
87 1.79206786747589 1.64546663129735 0.163634212349908 0.167322893613709 0.95682744253909 2.38212151387731 71 46 300.167097454369
88 1.62233012620176 2.16480228136183 0.0943875952855825 0.194144345727629 0.936259838653977 0.0568703719475121 71 48 294.600848618932
89 1.75640391416788 2.58956456683466 0.0780319187155129 0.168148701772189 1.02879504310576 0.04306698668515 72 57 296.736838269737
90 1.76771354254707 1.69062658601063 0.0792155873720913 0.113200029985815 1.22192702658557 0.0046395554184939 75 68 303.423492945567
91 1.48732268117134 2.0164414578566 0.118101021108787 0.114870328365579 1.11620328022855 1.15262953246067 74 54 298.461641785132
92 1.64591524093267 2.12837200778897 0.1506069799528 0.132043929098123 1.19327110137553 0.681284393601078 74 52 303.547272744213
93 1.71183736495493 2.27514466942932 0.177704654114792 0.0498592520425923 1.24220653723256 0.991819006302024 73 40 302.5937135908
94 1.66332660795325 1.94591591376149 0.0658816205685962 0.0664569707884637 0.930313301746739 0.34286635606939 75 41 301.826249018363
95 1.7450481980607 2.64216521097268 0.104333843689611 0.0945331583424933 1.20245595358017 0.611083036847226 72 51 294.01585347057
96 1.49220835082688 2.63327207217389 0.126273535426461 0.0307979122112427 1.22542197017736 3.02186642671275 74 61 301.575416852689
97 1.75226949364532 2.37799108702829 0.0915849290876651 0.202716822683349 1.25313361138103 0.259388674787398 72 69 293.503026022142
98 1.58817662879421 1.80182949368422 0.152124257067543 0.17865287080453 1.01566790088005 0.793900165353976 73 56 293.022669415903
99 1.76124276685236 2.02301771125841 0.136365186006528 0.19759112708958 0.964852161540027 0.127627817105096 72 51 296.957157335593
100 1.72004422799881 1.90592839790921 0.0426872357343168 0.13874896947906 1.27657699404429 3.70624264434271 72 59 297.778931900577
101 1.55894161403716 1.9968595428793 0.138603921120893 0.204951484634173 1.13392385920766 0.441452725580245 74 65 303.951781540449
102 1.6944867268595 1.9006647889973 0.0850419628817874 0.201761737723396 1.10396570982499 2.53400980104877 75 58 304.396444462651
103 1.72758891444347 2.06118403488161 0.177503674526154 0.117598690804014 0.921434317474835 0.278640619049546 71 67 303.231533284335
104 1.58993088944357 2.25396538316536 0.131164066678647 0.176660285830196 1.17863563015707 0.349591313174256 74 42 292.26035668962
105 1.49268437537236 1.61548413255157 0.0475097851509174 0.139975059513354 1.03663458666938 2.55800794489699 75 50 297.689977760042
106 1.73590520848048 2.49589536954625 0.138373886376122 0.03162289833162 0.914984867330601 0.530595031623692 71 67 303.19654170675
107 1.60029960763098 1.8875166811806 0.153599086335919 0.258869855622223 0.9914019428444 0.324991089024286 75 70 295.880932547567
108 1.71792891765613 1.95235610414042 0.0989719477371978 0.134034869825115 1.13667169013833 2.20844996135125 71 56 299.286089458582
109 1.63177411567479 2.01426849763676 0.15899901315538 0.1403304510124 1.24866891726902 0.497959345485522 71 42 301.752900492877
110 1.5891751701388 1.91707944257347 0.0398222017070976 0.0631478268011108 0.958603816973815 0.22655125986791 72 62 297.7318274372
111 1.45270558337567 1.92414465910365 0.0755415383770925 0.0587622102067458 1.25600404619456 2.23365534996314 73 54 299.397194768746
112 1.70029753075292 2.10353500797708 0.0552877516364526 0.0559001991773251 1.21874008756583 0.800759998439092 71 53 296.845842410371
113 1.47274512471194 2.2306999649858 0.0508431693322186 0.114368136203819 1.04070905881364 0.351527434748525 74 39 298.326519377638
114 1.65514980316406 2.23353776724513 0.0385637677845617 0.192043077974479 1.11014919738179 0.376947356667675 71 45 301.223630058174
115 1.65114758591837 2.02094106010927 0.170119525141421 0.209180862351835 0.948228846931661 1.2928716006211 71 60 299.76754625582
116 1.69594102394125 1.71225861193366 0.111908132415958 0.0493591098437919 1.18621363343122 0.419106905240645 72 43 293.726422931526
117 1.5945220699805 2.02180585005026 0.0542414502443149 0.110588202581958 1.16853073042306 0.769686363363972 73 64 292.096030624022
118 1.59793699282796 2.07473218833732 0.154496897371265 0.237234275434449 1.02997189020328 1.26929730063478 72 57 302.336270206175
119 1.60697570899129 2.29275431039041 0.0549974488737421 0.0873383589739081 1.31393969894058 0.656489868829392 72 64 300.455917040968
120 1.69332512023913 1.92676764958974 0.0817466817042823 0.1995533638113 1.15083742662167 2.81403312982519 73 42 297.219469388318
121 1.7704197117628 2.17308834231281 0.0783189646843073 0.0879540638442215 1.10040556905508 0.430294349766935 71 51 295.139566134063
122 1.6165385852088 2.36861109559047 0.0873426333964628 0.125880039818851 1.05340802249838 1.2843066987313 72 46 294.667430252291
123 1.52135136442183 2.48518931792103 0.0742667933755756 0.0570364423675865 0.91712035532015 1.30065411384666 73 54 294.507542752538
124 1.66672313944741 2.26347252752763 0.16899141014248 0.103944539948339 1.0647139203888 0.0714786953032924 71 46 303.513573089618
125 1.69436282246503 2.47668333355434 0.0833511907420705 0.052779439527856 1.1350564808121 1.54495601498669 74 52 292.871699860592
126 1.59649532584131 2.18693598049059 0.128731850582465 0.196625738256388 1.02274030810147 1.72677575397468 72 66 295.855581194196
127 1.77903825435249 2.54698188994284 0.145061418464209 0.103052804196365 1.29097577275241 0.594697399072402 74 62 296.501884473307
128 1.79048353157557 1.98958061444599 0.0461162856892496 0.0914109979430146 1.28113498503932 2.97663019698751 72 61 292.001399740357
129 1.63567503686739 2.54310869445719 0.0927093071682176 0.0554506541741794 1.18014461945105 0.120109677950998 71 47 292.737412031319
130 1.43129000298654 1.95628416656804 0.103201014460667 0.152117829959162 0.910366841930925 0.979742609635436 74 40 295.510683661552
131 1.66469460654154 2.14028736867841 0.0392772331647476 0.0823391779028365 1.08237757663389 1.10487101442761 71 55 296.676475766609
132 1.43081398260108 2.42059651459877 0.106093499161948 0.210979671005253 1.21149956116875 1.62290906212165 73 64 298.146294327701
133 1.41967713397011 2.62023035350834 0.0703999074380332 0.144918860273467 1.25650501815064 2.0327813814727 74 49 295.438731290129
134 1.66794672903405 2.22380929042253 0.0429249174325398 0.0915720576125034 1.27702891039627 1.00232907926572 72 65 304.322940957844
135 1.68499409344692 2.19299995449184 0.12982034011229 0.1892185016334 0.960294346670644 0.485127906935721 74 59 304.25755662752
136 1.53919190642789 2.41323345057931 0.120816932561741 0.16532924534416 0.952280396901474 1.0632672927513 74 58 304.167259239913
137 1.62645844718338 2.5877471105352 0.0592374133203104 0.146508004268337 1.2030941554081 0.998769032723009 75 42 293.875510363357
138 1.52740306726919 1.93341746218447 0.114781872459184 0.158728775757608 0.943880820356717 0.363203761100003 72 65 296.897568197327
139 1.62173401399669 2.20497354138349 0.171248024640048 0.149673585260854 0.968784069764823 0.669573032949807 72 46 292.419285387057
140 1.59882648623252 1.87386786867584 0.0675930747309821 0.223627007793035 0.965293572978159 0.116173827643883 73 68 299.425559069555
141 1.76024642027457 2.30244589888279 0.0588854583717646 0.256288008850928 1.16570119718108 1.06861381571225 72 62 294.767922437668
142 1.59334574136935 2.43825093954553 0.126436496922038 0.156585408398809 1.03887011642798 0.220087247179491 73 43 296.103236131927
143 1.51995676070034 2.59373243185049 0.0839094028814966 0.215884289555679 1.14897155426069 0.415846835536023 74 44 298.571568144132
144 1.68986340897069 2.59534477726189 0.165580862546663 0.139263916226636 1.11532748375705 0.433708990834909 75 49 300.422952718613
145 1.61138750357645 1.77038555415432 0.105297790134595 0.11892019494351 0.999135587628703 0.526126447733178 72 44 304.540828939821
146 1.77648182659704 2.43292769993336 0.102647672653176 0.201921943113997 1.14234490050796 0.418184109769106 72 69 300.109295232502
147 1.54808086473555 1.74632502611784 0.0618153088585748 0.0726344199833918 1.22370226465738 0.146101308334906 71 62 295.546854044494
148 1.63771423839056 2.59182758619089 0.142757041364689 0.21854841259387 1.08045962180077 1.09363612203273 73 59 303.634921526624
149 1.51905021285248 1.84745290268888 0.160596698076905 0.183956254329113 1.24778196781897 2.63224973870597 74 51 293.921833183475
150 1.54378279397594 2.21669753676664 0.0449991229411249 0.0653892270705106 1.12076237460103 1.52086415662805 72 59 301.261179045563
151 1.75561196833078 2.52316051255022 0.163307765020025 0.196935090157318 1.14703612138895 0.507692797421171 73 62 298.734968516507
152 1.44391955135051 2.52822483688843 0.158263124297653 0.0876237506736674 1.00097596288029 0.706167988986832 74 70 300.212552276886
153 1.4516259263373 2.61903081273677 0.11792668708109 0.0792206281912818 1.04494940529379 4.50757218365497 75 61 296.763147950143
154 1.4020704710656 2.30184513941056 0.120967867185471 0.219681746504894 1.17954041978476 0.108449462496411 72 70 292.899500121635
155 1.63057932058416 1.620765433428 0.131055802759366 0.259306857165718 1.2878297232674 5.34787515536003 71 64 303.897006536904
156 1.76952622152299 2.12282801490683 0.0679499824592223 0.113524866668185 0.963159928690436 0.202362940824177 75 51 300.374721703035
157 1.43871829838061 1.9672315756418 0.0844597815201826 0.215431961882746 1.28468838969525 1.20554666521669 72 45 304.148597357811
158 1.56959849370057 1.87984429248155 0.135132327107299 0.165019460441439 1.11693115638819 0.0917062650291804 74 65 297.713788476851
159 1.59281201568436 1.61141692954641 0.127764577862909 0.159358734622045 1.26404576944995 0.662651552094107 71 66 294.048858429889
160 1.67841869389065 2.34164749315019 0.0484938617243045 0.189636268356521 1.05692565474703 0.909262659171494 73 55 299.88804521507
161 1.49641359279562 1.86733474743228 0.0521415922403912 0.133244352854578 1.26275976225371 0.105361075648652 72 53 301.53924633702
162 1.5123283947159 1.73462674987265 0.1150248381031 0.173557245169309 0.927247148728645 0.928866482931517 75 70 296.702294149493
163 1.77985122771883 1.67968695680617 0.171841024508574 0.231398495672062 1.32215085440792 0.408619495149096 71 58 299.548145135974
164 1.62765003555448 1.69782223390542 0.126071707863884 0.0629866907901068 1.12949665930467 0.750957902232388 75 65 293.950803660941
165 1.40689994097461 1.97753575955857 0.0724991054683182 0.0956168742940435 1.20469863279128 0.961301077298431 72 45 299.330462879081
166 1.63927112102471 2.14275267924571 0.0892466089987127 0.158111501949056 1.03272558356622 0.835745313905562 72 45 293.816725236426
167 1.55038837881776 2.45111155331158 0.0807198697844649 0.0300580984034911 1.07113187395752 0.946457664089919 71 51 297.109259478133
168 1.4580644985119 1.66449801051213 0.146966356943287 0.0466534696142428 1.32648000857082 0.0303625400762681 73 62 304.976459093932
169 1.51441589850624 2.08655104534139 0.163265459948927 0.0812177023456434 1.14881571709316 0.211382010421935 73 52 294.548706920531
170 1.55637317758382 2.4942020629647 0.166597506654968 0.070302912683325 0.912070991284001 0.673391903837833 72 48 296.787255284597
171 1.51391862166972 2.35591750611369 0.146133767024538 0.0927175758316059 1.26672850539551 1.38540825120398 75 42 304.191941482355
172 1.4213783041207 2.30432369954187 0.113194209687532 0.135558393670787 1.2579717335196 0.539767293973447 75 39 299.636221655043
173 1.49464151898631 2.04123776384813 0.164148960637339 0.199721601542251 1.17410516558668 1.71048487391221 72 67 299.685796149982
174 1.63414894365755 2.40325659921808 0.073500598112721 0.0867922219831707 1.06062496732313 0.186869046905105 71 63 301.858934844828
175 1.69927416646368 1.98638568175409 0.0563678013718385 0.161396260630808 1.12704380000834 3.18872763202002 74 41 304.348352550136
176 1.69507101838413 2.40153964215337 0.100081876015481 0.152461128087839 1.10612997415831 1.61536866134897 75 43 296.634371738847
177 1.7531862508185 2.33184326360583 0.0692482764008543 0.166115902981362 0.963105258861535 1.30294694080254 74 44 301.691866925147
178 1.56765088616219 2.19677320314271 0.147584849490788 0.189196318653497 1.30188192304968 1.479904613469 75 51 304.233025923442
179 1.63727387992118 2.48194020841505 0.156338420615555 0.174115609013607 1.08434131555246 0.263201600477709 71 43 298.359077273879
180 1.58531485944924 1.82601029649564 0.170526946141514 0.111289683607927 1.00799519156313 0.450328525866555 75 47 296.861845258003
181 1.79771332157134 1.63615027573156 0.0980281248085055 0.143000622482909 0.929618966006027 0.59517947839824 74 49 293.117268205252
182 1.74106939576065 1.94375429947192 0.0394300262149534 0.0657977645696829 1.08942704114704 2.11770448743562 74 48 300.435045619075
183 1.66553558928053 1.88990570046432 0.151277334210264 0.112781122601547 0.936174660582702 1.22291704326086 72 49 299.087894956898
184 1.57980741679804 2.06730684456366 0.0374465698285521 0.150392886130343 0.926242617115949 2.17567802419116 75 70 295.351372674456
185 1.49103284918774 1.75138390106241 0.0503937547196481 0.14079036540592 1.00750944915284 0.653857508552561 74 52 301.651872076853
186 1.61491278846061 2.64648046545315 0.130746270973502 0.217197586864973 1.12346797495118 2.49832692398781 72 42 300.077570150378
187 1.76548985091892 2.61472316276197 0.0747871690868305 0.0510423805630799 0.967179278681538 0.0354644539692714 71 54 300.160161514403
188 1.53215261144548 1.96072910782635 0.0852722502101545 0.184282276873075 1.12471487543751 0.468780589701816 73 60 295.207175141722
189 1.73809301016274 1.76587108728278 0.134528954888107 0.171114718968498 1.01222245519498 0.887381348585821 71 67 295.713497456303
190 1.51723915460683 2.51734462462947 0.0346209104568075 0.106574996507168 0.975397717503932 1.1346619326641 72 43 303.285953970188
191 1.47330526239814 2.39560384379003 0.169923504823268 0.0563664485512271 1.04586959813612 0.724765288123924 74 47 295.964246331029
192 1.65445045435303 2.14499505534947 0.0498282313485808 0.257868120852853 1.23005226347509 0.279587820716219 72 66 298.017340430177
193 1.71649907535029 2.2371608159119 0.116767691662195 0.0891438099281597 1.27346130869689 2.40565577189415 72 59 293.422134086132
194 1.46095939247021 2.42242420602579 0.143987986407692 0.0733763865371357 1.14641771355411 0.02273175875083 74 57 296.25118280232
195 1.75386536209792 2.07705342142468 0.105918947425011 0.143602380309135 1.21693935027489 1.32711084752793 74 39 302.047682886564
196 1.66167367193041 2.50088716477819 0.174676802562959 0.142837506291723 1.27859669912137 1.91515171729549 74 47 294.710955163632
197 1.78663975660208 1.98832395190185 0.0829940627574888 0.212149917690159 1.26962412594107 0.643743368060642 71 68 292.980196291798
198 1.6467887401768 1.77487905778222 0.148180368185861 0.105483426028437 1.08878618176385 0.139527572740546 71 46 294.15455921026
199 1.50396650475814 2.46869274343352 0.0518555902899908 0.252915112542302 0.977958537281378 1.02806010880594 73 57 302.478641875109
200 1.77435906751648 2.07051697434005 0.104880819124039 0.251983613522224 0.932862855549182 1.80937076501012 72 51 295.367386201059
201 1.55985394603373 1.964183713683 0.107598810756335 0.24820240293937 1.19238210301454 4.33915441572851 75 60 303.368337257789
202 1.74563826117477 2.59918605046051 0.0995958037597342 0.216225288861615 1.30536172960238 0.566321298280451 74 66 303.022819131064
203 1.52003561159743 2.15408420816646 0.0669329338458877 0.0415326114622117 0.928864155808065 1.42617527702375 72 41 297.385507867748
204 1.67251183509106 2.46064244168321 0.159769358557728 0.164175239087375 1.2483670210071 1.33320990616522 71 58 301.919086997114
205 1.69120814752142 2.22468050267936 0.116397892346048 0.130758441140475 1.15265196872327 0.409716192844328 74 62 292.080905023347
206 1.52550296408435 1.68325884623581 0.154767320480665 0.12483242445553 0.983117610351067 4.52722303925161 71 42 301.617614515164
207 1.67223537127415 2.51020027752903 0.101408929906359 0.0602166193074419 1.06877788709594 1.70556163239999 72 66 292.314593997037
208 1.79528932723196 2.06203564563913 0.160827810256366 0.164541381801802 1.29547974543226 2.07087642995625 75 47 302.087267955952
209 1.50971045178185 1.93687298441006 0.109402573248401 0.0859699304248155 1.03597376915662 0.261734156515963 71 66 296.795360583385
210 1.47648380662793 2.09023684204894 0.144579987382395 0.13675187528146 1.26512154331862 1.36727909350818 73 39 297.626729939498
211 1.46843590037514 1.6240232320708 0.123845728107907 0.0368115198050276 1.04364983415353 0.0444281009612305 75 45 295.868420237424
212 1.45075513934423 1.80162709038684 0.151724294544547 0.0688049793084588 0.938145096787378 0.818371850204464 73 68 303.66809309691
213 1.77518103004829 2.35072381975836 0.0954763384050354 0.0486558569854971 1.24495431380731 0.983704023620603 74 48 300.303097359884
214 1.72214412195274 1.79903305750476 0.176209927020403 0.0693451502240814 1.039524012137 0.2520330265533 71 69 294.685348916288
215 1.68865181326365 1.61879103997804 0.15320310054917 0.180981105203297 1.09783096909372 0.467287972982717 71 56 295.184231347438
216 1.6696089978998 1.91278984398367 0.133126398250846 0.222480466888045 1.16086041260287 0.382542654733559 74 66 297.4524171258
217 1.76192135417264 2.00089332805809 0.103891574103914 0.232485774430498 1.23957426437058 1.28719803254776 74 47 301.981167792556
218 1.73876050179626 2.0100880905058 0.106322762136482 0.200847537742873 1.12744928318471 0.862619265128569 75 51 298.348596146629
219 1.75954801651487 2.12438432800466 0.117618028217956 0.172285528598548 0.987495310164725 0.484316419319449 72 41 304.659675990577
220 1.49925777597867 2.32842149425678 0.118327952580624 0.0772968082810815 1.18260226256328 0.777953729711661 75 69 293.511943264672
221 1.70883741767187 2.50525709566885 0.0962105531131428 0.259153677219835 0.917391707579989 0.0238991520319838 74 43 298.788887112646
222 1.73116933756463 2.52709241771402 0.110548361497759 0.0478807789557852 1.23700067868656 0.35439460319348 72 46 294.381961701871
223 1.6770353302432 1.92068598970594 0.118789006226955 0.165804927325662 1.03095344590426 1.45843983855681 73 61 299.252265168387
224 1.67372007597237 1.73297821522305 0.0496169123611282 0.208209646068393 1.25392758539689 2.60612148314118 74 43 302.547001552026
225 1.45396893785012 1.91787888355323 0.072836635040217 0.0399664733662433 1.2716137354817 6.10127820689527 74 59 294.304110650221
226 1.76871278929998 1.73859262006832 0.0638983330131816 0.180841765240003 1.29434664226576 0.520940733914105 72 45 304.784693695948
227 1.40005014847051 2.46550689877489 0.0870522365079947 0.148257345790135 1.01756277717387 0.162122684487038 75 69 298.894239643911
228 1.57926767217167 2.34321038028214 0.155870035776953 0.117979967666527 0.947533212899685 0.952992284560721 73 65 292.386716521897
229 1.47119497098897 2.21842237109339 0.12494386331728 0.239333265512572 1.3164269552863 2.48953259057996 71 64 302.512904654606
230 1.61293466075259 2.31544255111429 0.046166123332194 0.137400083329434 0.979448806672691 1.19154834078333 74 57 296.881246489582
231 1.48833025303134 2.03827983849309 0.170940327320823 0.258231623425408 1.17021558722165 3.92855651439242 71 50 296.301459146998
232 1.68737222293559 2.51172360866496 0.0567668943678976 0.0706347248570086 1.00978980911186 0.701946646397494 71 51 300.678096923186
233 1.71564074395587 2.25523956866272 0.109858736494934 0.0439664799605496 1.31284689001825 0.24546742319697 74 43 300.873312484622
234 1.74935027520724 2.1861948197618 0.0359693108717618 0.101561779815086 1.32956710208172 3.34382941073459 73 53 294.293714824077
235 1.49781763058349 2.44601910834955 0.0494829367941289 0.143558059884287 0.970247661739452 1.14597815759097 71 68 297.031189808387
236 1.7383494168985 2.2101272166573 0.0913178143395267 0.0362092682741888 1.06971386988983 1.67196882560034 73 54 294.369976270825
237 1.70599686491513 1.88941118184899 0.113638891393819 0.259684258407454 1.30596764261245 2.71401866949968 75 60 304.06203171704
238 1.46808932377602 1.91982183444649 0.16978336032336 0.151329511340253 1.14989810872412 0.813302382956682 74 60 296.199690373294
239 1.70460603937817 2.63083671833703 0.111652003795139 0.170786439058655 1.31578631581243 1.25178893345787 73 69 300.795478274559
240 1.67924088673397 2.42411436419559 0.138196580970321 0.230131724347974 1.20830030635896 1.16011766295427 72 42 296.47664537833
241 1.42710643161598 2.28266192189477 0.0455770690439531 0.0340081880282464 1.29662863461315 1.80675122060014 71 48 304.076126480752
242 1.52475339941558 1.80617963014879 0.0909191662519746 0.0718098100431286 1.10903581785889 0.585371337874476 72 61 293.010663355134
243 1.45512743268905 1.7069190969349 0.100467291392372 0.0785948088958335 1.05081251662762 0.33463070109114 71 68 303.822404924822
244 1.5875756019113 2.07998078289178 0.0612684663133611 0.040652391534551 1.19637424571391 1.35647680330945 72 44 297.368280617049
245 1.59701245179853 2.38156812689984 0.13024860406716 0.0831213263368698 1.13861046754638 0.0348949286362786 74 47 297.53112644879
246 1.68393594837723 2.24308947065383 0.0863789987268913 0.0903713417215977 0.946823663987688 0.330834214748312 72 52 300.649573577475
247 1.7853620798583 2.20199732364416 0.0713292412641899 0.0651878743740742 1.0950666970673 0.0811508143153894 72 45 302.349820235837
248 1.75709759010524 1.72727709427283 0.150920110863351 0.168600347723348 1.1477407678168 0.660905751136842 73 63 302.850834118599
249 1.40682605687886 1.97961246518324 0.0343360982081 0.255938764163304 1.21416805380272 0.0127867241293609 72 48 292.830584028715
250 1.65913703126809 2.39989244884259 0.146496850830622 0.245442950989257 1.26040539035851 0.564268419992096 71 64 296.432288830295
251 1.78722644423522 2.2032588534421 0.113670097361858 0.127611063722108 1.22492898151959 0.76163044404622 74 40 293.363618182791
252 1.64287065534925 1.7178698692485 0.0811185365152 0.0447569091114275 1.28349924304254 0.0467250053348416 73 44 304.916772599264
253 1.77170388363228 2.17402048357532 0.13472839825456 0.137755164871341 1.04130516143111 1.79620331852079 72 46 302.622100027438
254 1.61235540560811 1.72554747564165 0.096329480014655 0.179219791743542 1.22849672322806 0.696550326286723 74 43 292.486275508138
255 1.75266381378161 2.44468889915883 0.135863304144931 0.0755768494944958 1.01535284228033 0.253514791619374 71 51 293.351694696403
256 1.52820037497812 2.0812558738153 0.149776641149305 0.143991847651021 1.10099408799004 0.173817084722212 73 65 293.749324247909
257 1.51326719498843 2.11230331942955 0.09797076240316 0.118563518317893 1.24135380430949 2.77979286727926 74 51 302.27105924594
258 1.75185260444214 1.87590879933278 0.0452078632711923 0.226409191881128 1.05740299427982 0.208630448005284 71 44 303.79269230869
259 1.42465355229419 2.32047779306949 0.133337649096529 0.251605139566446 1.10883296373716 0.151853184036159 71 68 300.934835008787
260 1.54588239094323 1.76059147428112 0.172394430476503 0.0428038935710452 1.02379906093282 0.0845869097152666 73 64 299.136727834782
261 1.48422113218071 2.0663703503456 0.176609288401027 0.210628030182716 1.24300209492397 1.72504614105747 73 49 294.203144716658
262 1.42412600858553 1.67054833919409 0.0843872858542816 0.186954764768594 0.942148197359296 5.61314461181397 71 56 297.652377392012
263 1.48199576262268 2.57259842786254 0.0856992359683643 0.237728798877189 0.939800440265347 0.0406805288981903 72 56 302.214503675695
264 1.47606135274803 1.85765015658966 0.1423535635193 0.199028234624281 0.945201107900949 1.57696041539111 72 45 298.258399062454
265 1.50031897850572 1.67623408677922 0.125786696696959 0.223880912642403 1.0222020584973 0.167024083068707 72 66 293.209447952052
266 1.78951169553421 2.24816618652082 0.109101683221755 0.0583194612998976 1.17710780703169 0.172344341909669 75 45 299.12764351036
267 1.58284376439083 2.31395205283274 0.0420238784281609 0.208931236939825 1.20916324763461 0.271491058843907 74 40 297.923103925156
268 1.46697922474459 1.90479621446151 0.0933468706209623 0.0472901014536935 0.990357434129256 0.73495966280404 74 50 301.387050629419
269 1.4302020783845 2.53250965173881 0.175102790686318 0.104619561262098 1.00590211875511 1.40881098123573 71 67 294.946176862653
270 1.56744585683514 2.50814381846552 0.108134387258778 0.25696194667252 1.07492708267296 0.78334662738149 72 47 296.346440412034
271 1.40938705095325 2.43025904117722 0.140094599115802 0.204273589785058 0.993977051464581 0.183997735883559 72 46 293.585493016725
272 1.67464598223829 1.82367865713665 0.0443513164160701 0.217647382359565 1.01405487014377 0.160114421253489 73 50 298.603148718191
273 1.66737020038131 1.90320681547453 0.139093692107435 0.133040203772664 1.31855511344818 0.360147588532857 72 45 294.404777342777
274 1.70806524458255 2.45326304424782 0.06326723125759 0.0745941538873038 1.06240348918265 0.411818710207122 75 53 295.300980938726
275 1.58183592408298 2.46285865750155 0.0601452771290007 0.17660352009379 1.28012510546857 1.03888947821865 75 62 304.990965999412
276 1.60560888623872 2.10479540698228 0.0971055004460775 0.167778637101999 1.15854978794516 0.224128426745647 72 43 299.365377120617
277 1.4404161706613 2.34036999870711 0.145614258155404 0.208406707900677 1.08791868435193 0.119308836005139 71 42 298.070351796285
278 1.4646519958753 2.19579619162745 0.0800297032721843 0.210166090534666 1.07665487021901 0.787484353749359 74 43 297.487012186987
279 1.723846287862 2.51980188551215 0.0335446235740636 0.187645075182944 0.943251100900734 0.741490441563112 72 42 297.880759742916
280 1.42210827861136 1.74462190700379 0.148657087644748 0.144627042681897 1.22123998039446 0.522905342173006 75 56 300.737220835716
281 1.5396250852438 1.83196013707645 0.12025016408253 0.163944170936817 0.913610226960958 1.31920803670723 72 67 304.274270640439
282 1.64549335240676 2.4977478133284 0.167536022288126 0.156884082371894 1.22661000464091 0.471630705762914 74 56 292.517104093075
283 1.54359130323012 2.35460624599572 0.121791316018696 0.0573844282855605 1.31082133041912 0.199635813255188 71 69 303.870000235707
284 1.71334251643046 1.95346590952394 0.0538309365617678 0.062584145016751 1.15470054393767 0.12597237153486 74 47 300.972659387343
285 1.73291942701817 2.25092956660235 0.0576845197967502 0.0318912398636106 0.935275329631396 0.540852728395595 74 44 304.419228818612
286 1.74842301628118 1.62629105803524 0.154056258844813 0.0808273262917309 1.10236390974608 2.38434176334748 73 44 295.049590677723
287 1.52804705215104 2.02513933786701 0.17494695586487 0.0472442271196183 1.00145406467923 1.26340956244013 73 70 293.098387369248
288 1.50534206482162 1.87115639740031 0.0386805983648807 0.157425205706819 1.28311209429502 0.379126426653608 75 55 294.783805383694
289 1.48562962758708 2.26943116085917 0.0952114880707945 0.193145692124915 1.1422224994116 0.80232370166745 71 70 298.437707565265
290 1.60100048198379 2.38315001893539 0.107341951820673 0.209405686512544 0.971594864233888 0.0981125413218676 75 65 304.127656572434
291 1.78058630517703 2.17641379696156 0.1603938280849 0.115178769667463 1.16726142151432 1.19881625140511 73 55 295.38209963598
292 1.75794189921502 2.39232870670382 0.124544307537124 0.192548926305732 1.23617470095485 2.22264095370334 74 44 294.88299319371
293 1.59590483010932 1.78076217683623 0.131672461198501 0.0735635505672666 1.08493728926568 1.68043437881952 75 55 295.40937915277
294 1.54078742045046 2.40736134170802 0.0557843459023687 0.0815351014729364 0.910816349727772 0.306729599608173 75 46 299.509611014854
295 1.65167599718948 2.10191833747689 0.058258983563293 0.0856008434746972 0.97722717488627 1.49994717083058 71 39 293.580947287194
296 1.71469133864043 2.0331192893821 0.0417171077422594 0.184622439675122 1.1628159455539 1.18373908042272 71 52 303.156941359393
297 1.66085708209894 1.97201677717933 0.0587218556253704 0.227406888942225 1.03470330243889 0.913488014718742 71 65 300.350881153363
298 1.75577928356214 2.55547047165328 0.151501580136835 0.126153468243862 1.2105350201554 0.936496402520135 73 40 293.038955462428
299 1.4689413204186 2.4094733214533 0.0894466652139828 0.104958750764259 1.30155090395348 0.354745864364528 72 57 299.644161903809
300 1.72303944966608 2.58253595771882 0.167962027424306 0.0443208165369585 1.13215594977449 0.38071740918039 74 57 299.052530545639
301 1.61693314868458 2.49074607372124 0.147703989456713 0.246868332553531 1.17501019868877 0.244590103337708 74 40 296.162021495071
302 1.45663820213232 2.59709649602796 0.114142313049702 0.182663808029276 0.924203937643375 0.867479063436955 75 69 292.172195795807
303 1.4621689861192 2.31759693182491 0.0655552888642662 0.108074512477395 1.07216694191245 0.436372729146727 75 43 295.289432894863
304 1.79250711562401 1.84713018513951 0.0803160368741431 0.124258434598551 0.923735868311469 0.101148241565894 74 48 300.900660314234
305 1.49377611917909 2.61360502249891 0.0635684680387215 0.0584968213750092 1.27415788449622 0.205819645666015 71 53 301.072665766704
306 1.69948897120218 1.82974516834423 0.0930961355726029 0.228110396732467 1.17695869100611 0.863227075424001 75 54 292.145662479653
307 1.79161006533082 1.92919462978188 0.0645977173916844 0.160935878057332 0.912877525669524 0.00307961118950869 75 50 300.191524181953
308 1.60198876466659 1.83847001265666 0.0745846589235813 0.179898512322213 1.00694556021685 1.47597178822904 74 50 296.238461220156
309 1.52972219007084 1.65627460174347 0.149953278284035 0.0326985183011254 1.05388426584943 0.477361247726121 71 66 301.969142137827
310 1.58038733728286 2.64936221022676 0.0787160584073224 0.111095923815949 1.09223686709573 0.0112711734149859 74 50 303.733721997503
311 1.71080797801928 2.57676608420251 0.166149306390534 0.166575901547433 0.985622677138206 0.136399209015279 73 42 298.83598313546
312 1.7829756774255 2.09135990680933 0.0917405110370139 0.162923848134652 1.07783404373878 1.65269469880221 73 55 304.887697320534
313 1.6580151468046 1.75663299642229 0.174497360523858 0.0496906549687361 1.19174714576614 1.44854527562594 74 67 300.888725506664
314 1.4029761582703 1.74720113920078 0.0904551074712922 0.0676786825947461 0.993257181366832 0.53195560572634 71 50 301.308164080187
315 1.6198227552383 1.89825149820982 0.0605836025562195 0.128897267001433 1.16597526823913 0.0259535776621629 71 59 299.230702803393
316 1.79372459455392 2.22166808561636 0.0881495843970111 0.0698664151374104 0.970739492286154 0.806639135169786 72 63 297.578327433039
317 1.66028036457253 1.82187297857648 0.0987465508150848 0.178964314483012 1.10729631555881 3.3766575935012 71 48 294.575895536836
318 1.67003593813589 2.14423536185469 0.0783010736167375 0.17245681846818 1.31348231812128 0.0874317715104836 73 39 301.153381617263
319 1.62263260211988 2.34646448898503 0.104786612146873 0.141993820875243 1.12820373264465 1.49114520805444 73 52 301.438592155017
320 1.76734910486104 2.1597283241069 0.176076164917196 0.192190049141335 0.954984515931001 0.856139026798417 73 47 294.498061477352
321 1.51831501528278 1.81842595095889 0.132258912932167 0.128520173994654 1.012987795763 1.30994314568422 73 44 293.265768751358
322 1.41374046405672 1.74952507112066 0.175663456305796 0.254285708050449 1.29332357765102 0.249179917300466 74 67 292.29103063553
323 1.71201965780828 2.02924107832408 0.145990609696692 0.239892431289181 1.10168551666738 0.590262786552851 74 68 304.454953949447
324 1.5604175670682 2.11417490894787 0.0703681511629301 0.175582795672631 1.05254888309692 0.344028900182877 72 64 295.423948365491
325 1.60854854369125 2.06368247163808 0.0767128520467842 0.0580289007920022 1.17284653703927 0.181268204482109 71 65 295.68396150318
326 1.73014660169035 2.23470732753586 0.141845363185015 0.050469305614462 1.27894628161316 1.37642191739746 72 55 298.994302349114
327 1.62975989689295 2.2452845167154 0.075857250572433 0.161577648123772 1.11548785640133 0.950764125242432 71 58 302.494335869757
328 1.51298835829938 2.39759996834019 0.034507231175968 0.16029341854096 1.10643383491233 0.623752741995282 75 41 301.520092260025
329 1.41027292369858 1.97573287610736 0.143710121579624 0.0887784619961294 1.0707350613297 0.289334398401927 72 48 302.162551484157
330 1.45486210417172 1.79386426850037 0.0560999665563446 0.135178066120631 1.01491831531224 0.197524819274581 72 60 304.126027997392
331 1.72614835184095 1.62513399435954 0.0610050919307629 0.065959179977463 1.05606460344218 0.621311786882217 72 39 302.969970356464
332 1.73537522496869 1.75597823869283 0.0652021649331359 0.0487906976713574 1.17526762558927 0.925038855102532 74 59 296.171648345621
333 1.64811225316184 2.49289554552232 0.0986974021575857 0.101896955289235 0.918800872579701 0.143941498981827 72 63 301.300380752722
334 1.79098545616857 2.18999570059957 0.0889221096175188 0.0826373127089355 1.17809641081143 1.59574485502918 74 49 302.137186458577
335 1.46562295418756 1.88533836888271 0.094436742977589 0.147507789553423 1.1265403263157 0.273993022756898 73 56 295.463934132944
336 1.50122196248207 2.20075405703863 0.0357158430096053 0.0688770469551996 1.08181932674225 0.256982603429054 71 54 302.827919283654
337 1.78863179742803 1.72429426528792 0.143003640628406 0.205631056104237 0.99995099334892 0.129070480058554 72 49 294.173980923059
338 1.6092491647925 1.99441956403067 0.077444397799243 0.0613132854324855 1.11173731111896 2.32664244852233 72 54 297.519223904443
339 1.48337478148742 2.3769501078266 0.0529600960391075 0.0882689867393523 0.996948967323269 0.170666559313884 74 63 303.689055447196
340 1.7498551734638 1.75390608590658 0.0693616832622165 0.155583366492563 1.13298164950028 0.372469579242702 73 49 301.505994561225
341 1.70214590757513 2.55011601692275 0.0876381003404159 0.216710679914697 1.32150021650766 3.60792759703409 73 45 299.817120368749
342 1.70840578145536 1.78385812539943 0.0482776402622654 0.0839601474692083 1.11976226719402 0.72728258687208 74 58 296.380357174504
343 1.44478874606635 1.63016048075233 0.169215274426913 0.17039064215472 0.968105328692226 0.396311948836586 75 59 302.912420863226
344 1.54938129780816 2.10838484970604 0.127405711653375 0.033148678078741 0.97573603084695 1.12515495781715 71 40 303.754433419951
345 1.63865727546852 2.28953285707278 0.117030311082992 0.0846066942251558 1.29863737607453 0.0897161955149272 72 54 296.559069973753
346 1.60446794520792 1.79538663424215 0.0545926336702438 0.0852952492896959 1.16039807883129 1.94649674158016 71 42 296.359466265972
347 1.62888301249342 1.64206555133866 0.171488196982687 0.18288598331805 1.00934047782283 3.56627426130489 75 61 295.580073866078
348 1.76592231188898 1.83376897234169 0.040839757908553 0.236315617234726 1.11806044770679 0.895729540470628 71 41 302.989365696822
349 1.4987382256486 1.74309973034829 0.0836714766698167 0.177785362085094 1.29018959213038 2.2955283326994 75 45 297.129980441189
350 1.771085342678 2.49932052330535 0.173909559297374 0.093715698568516 1.07848136531842 1.39785416326302 73 41 303.089109130308
351 1.75812588142287 2.10933412705397 0.165454131830774 0.108910696026227 1.21533792963611 2.06628018174387 71 48 303.718272351625
352 1.52330591211391 2.02986608934375 0.115838759168918 0.122733895300741 1.27516304263709 0.228146543054169 73 58 295.750982918646
353 1.50486369354076 1.93601381306325 0.0832324920855406 0.229181585115397 1.09967398143705 0.1564979856231 75 62 296.726877009168
354 1.45897399207041 2.26710015865743 0.119792833817059 0.0765872174998208 0.937365052326935 2.92926656113381 74 56 303.132936444892
355 1.41929933234476 2.14865940902881 0.0468973105942544 0.195473998042654 1.199736330298 0.111438302390052 73 67 298.692872017349
356 1.79840207416233 2.5530684148613 0.0770832775117553 0.131264173793471 1.02662615511635 0.757620775695231 71 61 298.3866720145
357 1.57825751987091 2.3593342118812 0.0446396257145319 0.0464392698399699 0.982138800996856 1.53544639028802 71 49 292.466137669639
358 1.72474093629661 2.08883709382297 0.163817159818709 0.21445451829533 1.2163956455958 1.85429613977453 73 53 295.569581297636
359 1.57182270974621 1.89184398955598 0.045691916044395 0.0514491009357413 1.18163807982327 2.11213826049763 73 49 295.762222814548
360 1.4933830582996 1.75945350238002 0.0688502687708136 0.193723198093431 1.01040874898188 1.08742623419746 71 57 293.857821312983
361 1.55210045845998 2.40589109354127 0.0921964991458631 0.197199778666661 0.989669014022538 1.55970476464348 71 56 299.98403607928
362 1.67804677829291 1.78909841878399 0.0749411000000486 0.132294983628569 0.961325989741218 0.746846991605487 71 66 300.520329803756
363 1.59945921145118 2.60240228076485 0.0511225870412154 0.168917678966628 0.986872292455255 0.551300903149997 75 63 301.030674471255
364 1.45032013482147 1.98203207706283 0.0548470740176105 0.201409679583457 1.25005098645025 0.452767005848342 75 67 300.227291935166
365 1.57357748886333 1.94036428616423 0.149459558609076 0.0847227448067379 1.30379139380092 0.367632781609648 71 42 294.100330288603
366 1.48980533022753 1.69508770873208 0.121238474489959 0.146932943051171 1.01366397116648 2.19843782242546 72 40 297.323068036795
367 1.60395839580828 2.47832247253317 0.0622123532246096 0.0543922925299212 1.19931456479614 2.26543924551165 75 63 299.723604541642
368 1.67656243870076 2.55756577001779 0.128028311269719 0.194875695527624 0.969242678634426 0.696075263336918 75 58 294.435247948407
369 1.47784741342408 1.85673338540777 0.156878002576202 0.228982926918861 0.965865188201565 1.18271289249018 74 63 296.523895744642
370 1.75917151093158 1.78766666381053 0.131907993933958 0.0458013766575725 1.08562949472806 0.230804820609245 71 46 295.936306627485
371 1.43527129769397 1.68900229891193 0.165063529182893 0.249865102076192 1.31542062694181 0.0090522714695275 72 41 300.400950055991
372 1.76686548580307 2.15812350493438 0.129033700339567 0.224757017419367 0.948996993372418 2.0521767149344 71 69 297.758559804229
373 1.40527947903283 2.38463071864679 0.158787130997881 0.0375468202853088 1.07207691931698 4.93328132224631 72 60 303.76416305123
374 1.66191510986539 2.30606934769642 0.136934440550155 0.0445056581663918 1.22628394989323 1.3411147126637 75 57 296.391976748453
375 1.4846988923115 2.29841575523449 0.0965507974574031 0.240305260302304 1.01766867390735 0.00985038994773172 72 53 303.992832022756
376 1.6354197027178 2.18051658988819 0.0331080713071194 0.138389534757646 1.00883016592207 1.57895949256181 73 54 299.017583168159
377 1.40762307394586 1.75074324469501 0.123167433242336 0.0453587043038479 1.15164114574587 0.969435174417119 74 63 292.440799930893
378 1.74741033402175 2.64727321448099 0.0672388016067785 0.174007374184651 0.916403275002037 1.99465541215365 74 59 298.648481296187
379 1.76182586078024 2.16615192136163 0.0847785703780071 0.24896228407148 1.01853814383674 0.0647586236064791 75 63 304.824745597246
380 1.65222162004637 2.35880098499857 0.121817045114252 0.228664604252553 1.32744509805939 0.0279450207286294 71 43 298.443604137687
381 1.55345905603989 2.05739773488248 0.0695741033404588 0.0783071585922659 1.16158694321604 2.51413580622479 73 70 298.482368875491
382 1.4276645758514 1.80696462379858 0.0531925404391924 0.141317314585766 1.30445602861568 0.298603184652842 71 64 296.021337807865
383 1.68893810174739 2.62119490500177 0.119265592124387 0.238101158494619 1.17578400324982 1.88334699089578 74 62 299.299997322502
384 1.42029181854565 2.62371530591707 0.0671843029496949 0.053156487390159 1.09758900352104 1.16340088379498 71 53 295.042847196303
385 1.56362104801228 2.38008227385235 0.082356322400932 0.0796370154828854 1.30898372703453 0.0320253661908845 74 67 297.933996983631
386 1.56427689547171 2.57717148868857 0.0438615209132785 0.175190132012751 1.01965198293577 0.986557588026947 74 56 300.045208446906
387 1.66287360030015 2.27628234399103 0.0535718283394407 0.21330056535853 1.24196537666788 0.790568380765978 75 67 292.124977629441
388 1.56472651508229 1.85902851345562 0.165795476447346 0.249406208523063 1.07990972486865 1.0163830113977 71 51 299.79921174794
389 1.78064058533194 1.85064667112666 0.0665831613378464 0.185564455194908 1.00468657607556 1.77022577280064 75 43 301.089290846568
390 1.73629578487972 1.61388616313399 0.076062310532657 0.120898818942681 0.950572646794277 2.28180241773076 73 56 302.758234848792
391 1.69043245990516 2.31287879777617 0.17209107939909 0.0424391673085585 1.14352018270645 0.580266015391193 72 40 302.743888029133
392 1.49696088587399 1.99180039054284 0.127007602718156 0.0923306304546964 1.20631070078061 0.721673987307431 73 53 304.365269768313
393 1.47152485794923 2.01527553979651 0.115473891827684 0.0343403769973225 0.924471144853642 0.870819723837371 71 69 300.672237754186
394 1.59215989857389 1.81998018610512 0.139819301953852 0.073867357896679 0.979732422719668 0.957651850955165 74 55 292.645300850692
395 1.5838485752509 1.64767066490799 0.105094974428384 0.197891083209708 0.952871281165477 0.618543576591777 73 56 293.930998878805
396 1.78138251820647 1.79813749113044 0.0422188837934825 0.111871525173807 1.24464133593115 0.112768588602444 74 58 301.672676076499
397 1.47966476799494 1.89318403187785 0.153504398739717 0.220327476778917 0.978705368275248 4.73568868724158 75 46 292.933601735962
398 1.59062385601008 2.05252396647717 0.157272832699448 0.116640718915904 1.30707270330732 0.1332039434183 71 55 301.730334543329
399 1.41164365470835 1.66204534051599 0.115374663644179 0.183620532551173 1.19687513509134 0.0631335198691505 73 67 298.176420923045
400 1.56160242449828 1.97333114942793 0.137237817265414 0.101353380987937 1.29200913140639 0.772068665941089 73 63 299.169379696681
401 1.56522924843444 2.63691675630958 0.086206060372639 0.159991113745783 1.13011373983451 0.0290880452905433 71 40 304.810494122269
402 1.61615826412716 1.61273768536424 0.0349929325812371 0.229588690558732 1.15795580272255 0.853415677007806 74 54 294.991695670147
403 1.58339664560425 2.53573851730368 0.162106620339689 0.18805967551271 1.19141572039013 1.36849259366264 75 59 296.224361010562
404 1.43787305196376 2.3111993030691 0.0971267718994507 0.250323056931979 1.28619691137788 0.460566605181707 73 69 293.396629751857
405 1.65746626136968 2.33953460022744 0.0613772518873146 0.0566965407281762 1.00191090618327 1.15456564315751 75 68 301.175023493938
406 1.65866500955014 2.375220652956 0.102507913223159 0.119903992832718 1.04672445076347 0.501986795228259 73 67 303.398684396952
407 1.50225593146688 1.95898649779849 0.0788413645472391 0.185790326564803 0.918174360265127 1.65746636621284 74 44 298.306587855312
408 1.69846402777219 2.4829785416069 0.086872130153436 0.10404446893181 1.01920154016081 1.24314788912562 72 60 292.038279204005
409 1.78916755558611 1.71421315058704 0.138023205416776 0.253946933959352 1.03190854185212 2.46596532614584 73 55 299.959670419255
410 1.44633916708559 2.37273602591532 0.126583821405498 0.257802818065655 1.27958702742628 1.49734657756106 73 56 298.9386577581
411 1.78399552761533 1.65495964951779 0.0901884667792948 0.0742260605746392 0.959357549806279 0.276657845759315 71 68 304.570201440687
412 1.784876801042 2.09543422209614 0.134239968156949 0.160565119063687 1.26858217962885 0.151085266509825 71 43 302.380815794858
413 1.7967852993184 2.61744804229813 0.149083934423943 0.142374006700005 1.20174495452057 0.443018318246166 71 49 301.280175134516
414 1.78327038753073 2.33496233475272 0.0712473064134959 0.200034452270212 1.10323298350053 3.20749911868892 73 65 293.803185749897
415 1.74396704805656 2.4399725740087 0.111145282153961 0.188502897728553 1.14470586428673 1.0770279219108 75 59 300.327581718533
416 1.62853607507466 1.84239868956269 0.063084344502601 0.173145588308497 0.984815262029247 1.04557903212908 74 41 298.542843345431
417 1.40183961809956 1.76416767212706 0.0353729168252521 0.167078851759913 0.98260424263749 0.559178598976028 75 60 298.749419215812
418 1.53848727400165 1.86100895064465 0.152247387311319 0.191664853061728 1.28474094798994 1.44311445608833 74 41 294.006792778712
419 1.4659619601232 1.99938478022601 0.108567882991438 0.20969245568657 1.23351501380212 1.17246056938198 72 47 301.844644345321
420 1.44591531084778 2.48622637099272 0.100693372655757 0.195738350800298 0.98889579308135 1.56624520701815 75 56 292.536325361821
421 1.40573223574626 1.96113960321005 0.0866454062961539 0.119515920945726 0.933992380484176 0.38890743220748 74 45 295.623496389492
422 1.50750101869256 2.56166317249082 0.0642905268248087 0.149426074754005 0.946336234422053 0.44757625938342 75 52 294.984602004374
423 1.41226099658825 1.91401955336975 0.129673866918639 0.176156723309656 1.15588767129312 2.84396337147033 71 60 300.58860085366
424 1.50925620001139 1.71380642720419 0.0490292831460494 0.063518260302604 1.12202005871954 1.83639039649969 74 42 300.568351806532
425 1.60625475541639 2.30869340500348 0.115945297790447 0.0647601119045372 1.28588469321778 0.399469349718752 75 65 297.89354035762
426 1.47020003949805 2.53965517656551 0.0617463116815867 0.12213827358351 1.25953549338409 0.0394315962091703 72 55 303.302290624947
427 1.64879068998526 1.96761254607255 0.102177415959015 0.180472162519429 1.05023528024907 0.626914232605133 71 64 297.86621281124
428 1.76272724364023 1.6512912561794 0.125589869543102 0.190813744752794 1.26828767900136 3.79649622342381 74 48 303.645655367389
429 1.67396955961131 2.3460332718867 0.173621431765707 0.0369219492652301 1.1110716074011 1.27947097459726 74 46 295.105792043058
430 1.65663586767645 2.52019149080787 0.041422350330071 0.118138867422348 1.00329521400761 0.678717933667447 74 48 302.379603971368
431 1.65310757899622 1.67361953716351 0.0911019051868232 0.0934643817630034 1.26989520947222 0.0765834933339513 75 60 303.119840434354
432 1.60337933351526 2.5710757979524 0.106713292568693 0.217535916348747 1.09023023279051 0.270981165536951 71 41 293.41463419102
433 1.71391793423144 2.6070015485208 0.0937538379106648 0.149304449652409 1.17240820034825 0.00782509723490026 72 65 299.933412941784
434 1.53771679731645 1.66676514187735 0.158607383052009 0.0536806998900634 1.05889227474524 0.996088352660057 75 53 298.98193289197
435 1.45621127400272 2.45437727864546 0.0950031358696175 0.0975869378497494 1.09573107605889 1.8621876459652 74 64 302.938163301998
436 1.46990434950654 1.8411718462227 0.122444290244517 0.0506225369141244 0.915550764395949 0.0994474403997862 75 51 297.804033630336
437 1.52390271637982 2.44277621779563 0.111475430165512 0.105241163559525 1.00313072787259 2.00174725074522 73 62 298.520194197094
438 1.63219010423848 2.0349427661988 0.150526337628197 0.134935096804731 1.04305068685051 0.320579803743276 75 62 292.346835741082
439 1.42538476932552 2.56740092696924 0.0826227045090576 0.0949696576470857 0.997799835149139 0.134338578074721 72 58 302.430580613626
440 1.57106980136111 1.66197273865486 0.0841665677554219 0.127002139465868 1.09944978731638 3.4893786569428 75 54 303.593947167312
441 1.57300852095973 2.53094590482618 0.166944986471738 0.0324575985787814 0.966500663015058 0.732968072984037 71 52 297.405459867325
442 1.41440791401405 1.62276941067172 0.123868683126715 0.181982633094447 1.18856454304845 0.237343323577833 74 69 297.847555703346
443 1.49537621475609 2.15107142285285 0.166339664658288 0.152858045844925 0.99979978261843 0.81147345502044 74 53 299.66731889844
444 1.6105380301993 1.73140486503607 0.135720364155657 0.110114823249438 1.25115575448882 0.0553302115846811 73 54 294.840290248758
445 1.46028664208634 1.99204746747639 0.140750748617526 0.183356507990448 1.26367671516922 0.104363330146937 71 60 296.124136491293
446 1.44748092725307 2.1476099552282 0.174155410065374 0.253876226027828 1.31172038891778 0.232555100728373 72 54 293.158927130785
447 1.54215721872257 2.64351790966088 0.152477009389862 0.129998221212914 1.09376676273445 1.46726558272839 73 69 297.982200589037
448 1.45850213211409 1.94778663363072 0.105551789940044 0.116988575591809 1.23357782727579 0.201477396406691 73 39 304.021602555002
449 1.64702440899062 2.36486563818686 0.14731999945025 0.198467323556785 1.02785625235479 1.96668046473066 73 60 295.641810083015
450 1.46302325963623 1.81414849105627 0.114075601167536 0.0729091718202247 0.994064567636852 2.09113755124111 74 55 292.573690596199
451 1.64470743742463 2.09968146234593 0.144356755902468 0.100280778990563 0.960869548693612 0.644772437444219 73 63 300.602752613598
452 1.76462897208819 2.62745545700164 0.0570499051775812 0.220047001677469 0.956285526542344 0.572013147141866 71 60 299.193945926761
453 1.62057166601451 1.87764582720694 0.14250268912491 0.0410705849749118 0.933514862744481 1.42296721420514 73 42 295.801746813425
454 1.41718928702542 2.13605665930181 0.149352094385582 0.121572659699443 1.31157062412703 1.02173551664121 74 47 296.538415266081
455 1.77326443827621 1.80486855211585 0.0487467559103984 0.231993945186513 1.23049073792638 0.13838715134832 72 41 299.702843598392
456 1.55804136379847 1.81769718802702 0.176831814718 0.122542460821242 1.06401467008543 0.322121434390829 72 65 292.701273878534
457 1.42081237816554 2.18238998480191 0.0607090773649251 0.13644819591358 1.0383189551647 0.692150992634788 75 64 294.44201619866
458 1.56823079305347 1.86852188534424 0.10296143701395 0.252746087818185 1.18942398569194 0.00610080701788871 75 44 295.211487595659
459 1.78592928260379 1.71945248778293 0.0403230948149062 0.171511889939868 1.32606155124648 1.1741807370783 72 62 292.833697704384
460 1.74062199136869 2.19903414487733 0.136284291082643 0.162303975115846 1.06303906760733 1.12271901082034 72 52 302.82389543385
461 1.66602705505041 1.85260990804631 0.0376229009862462 0.221009865584051 1.02722721887663 0.387263244687375 75 55 293.14508845531
462 1.51501686142 2.27455175442576 0.172840510703054 0.0799582501633906 1.08127131596824 0.082974336520928 73 68 296.575398999184
463 1.61865958898223 1.93030334152176 0.123493688573194 0.03353185605914 0.949562045381379 1.414024089844 71 51 295.835185272722
464 1.560765771411 2.60503199288949 0.117126296168229 0.0832054317115176 1.13954405768739 3.11552132589682 73 57 296.073798693071
465 1.69164938793821 2.50348208136452 0.0736844391795075 0.247284473326197 1.16351677929181 0.0491438399206872 74 65 295.670631296167
466 1.63294901365572 1.66768333271492 0.133531036246069 0.175026631761632 0.942651057761044 1.21269799814312 75 40 298.775518315438
467 1.73216036905971 1.8642607933947 0.101879975225234 0.200573789061581 1.18085663181418 0.556292740096789 72 68 297.287751087218
468 1.77287047587971 2.09323599587451 0.0939532609278943 0.232994957167619 1.2715070785219 0.576843044713907 73 55 304.954236033711
469 1.43567481008742 2.00818257619184 0.07678817527177 0.141472145389491 1.03052411196737 0.844696820530112 72 49 303.905722120087
470 1.72352693793238 2.13395009193473 0.0967264176419193 0.153919072433289 1.18775493157314 0.431442314928743 75 42 292.110983370449
471 1.58242968172923 2.11931128307591 0.141150750211166 0.187106900402664 1.25526018713815 0.394433641010244 74 58 302.401779629001
472 1.62109057256424 2.45510158234896 0.108425862172455 0.112510237503309 1.26062752612782 0.179158582461688 72 64 292.80303610875
473 1.41677770179879 2.24689996465396 0.0371850841987086 0.221754791115582 0.953807000764686 0.688042287759867 72 69 292.683045695115
474 1.50636680570014 2.51405413046548 0.0815180098473639 0.130433361778172 1.02061002574005 1.40242785883115 72 55 299.095288506341
475 1.66398147573264 2.11846347808157 0.0664836750385107 0.195157854656826 1.19748263407 0.87574964254264 75 39 298.951812634149
476 1.72958789105705 2.16963591309373 0.158328316818117 0.0993585048426462 1.28825221815049 0.400902132901178 72 52 302.279984559674
477 1.61083492649727 2.04581792754043 0.04745323533189 0.155901763024021 1.1854554972003 2.34317767580245 73 49 298.214359514168
478 1.40403295185864 2.39969748752241 0.104486020521941 0.147782716839756 0.944367088542025 0.518539976780107 71 57 300.535648530496
479 1.46669628184688 1.77977685895398 0.107017984905382 0.0524279025362497 1.23241855699758 1.21592048733834 74 62 293.560652641117
480 1.7399391792765 2.00601632207999 0.0959062177603678 0.233277647792197 1.112516348205 6.76244778730165 72 44 294.258082750196
481 1.59385548848771 1.94855144672942 0.177110073842364 0.0970061682088933 1.02143552753107 0.163613648346736 75 59 301.137995344439
482 1.57605311222721 1.68702870929604 0.12021973815524 0.0710475650447157 1.30092348254003 0.0611253318254107 73 55 299.911880277957
483 1.64400076027111 1.73664998307522 0.0593446792995434 0.116408527378141 1.06901399860059 0.472637082107502 74 57 295.903262798315
484 1.64845702019009 1.61667685880569 0.116289763627728 0.190532204315796 1.07299257653516 1.1149446882977 71 43 300.092935309994
485 1.70708861791324 2.52495083203642 0.157476149870542 0.237553216547445 1.05158605300732 0.157334505943156 74 64 295.955338758949
486 1.71921187506511 1.66983107616463 0.168183058954349 0.220497169978855 0.940815254300862 1.73897162258102 73 44 302.311389911361
487 1.72732216847352 2.0486304889722 0.0339368525056851 0.129228403690474 1.23449498498357 0.44803551812117 73 66 298.915708686451
488 1.50706808960234 2.56876944842124 0.0640719243065084 0.0986839390978852 1.28919686779976 0.845229153532559 75 69 297.180942671808
489 1.55564157588182 1.87905465280131 0.125313321256903 0.202870032951334 0.922126251787908 0.0210836169773034 71 53 300.342682717184
490 1.53482340115606 1.68514165359657 0.140607351591013 0.172760890326831 1.17127197109845 0.902685334331972 73 47 295.602628906902
491 1.70321625436714 2.23087485518293 0.175840048192024 0.0968381641300415 1.23115981658288 2.15637627389668 73 45 302.642983358888
492 1.77568667001155 2.47145781190844 0.145414587762923 0.245987127122488 1.09488437267029 1.08451336496931 74 48 304.639306919035
493 1.55135140364872 2.58505953250516 0.0410279534175868 0.0866174601123118 1.27234545838079 0.0591678172949908 72 58 299.877443380893
494 1.55452982516164 1.8402677645243 0.1695675165091 0.242203570939635 1.32005291678338 2.02046320950516 73 44 299.24121065897
495 1.68358804294992 2.63909618711635 0.153004868811568 0.234093054069654 1.24714225651873 0.713240231722073 75 70 299.462974265021
496 1.40815803844425 1.84416071609599 0.0529227636255861 0.0606241030422982 0.931872431559598 0.212011491080015 75 66 304.731081504006
497 1.73134554230121 2.27157942390204 0.172704368322089 0.0459139537795595 1.21763296546093 0.497486971889656 71 60 296.052631863856
498 1.79697351581558 1.77277852286282 0.144863302392809 0.131507121310215 1.19558295946498 1.09572748370065 73 64 300.471924908757
499 1.78763927728526 2.53944278468883 0.0383784570761788 0.254701326237195 1.24644356181473 3.08045911592981 75 70 298.878573545304
500 1.61907890291878 2.45840252931463 0.125103890059694 0.222737368191412 0.992366996309614 0.148624387653886 72 42 297.097146853369
501 1.5463430215459 2.63435460968019 0.156681639373459 0.154124066380148 0.951498806286851 0.601256222498744 73 40 293.186117687119
502 1.7506692597357 1.83494453137429 0.0481653811126653 0.0863922835156147 1.22057840045159 0.604431509825471 74 50 295.124588539246
503 1.6099848477209 2.16780044618667 0.0885493910953563 0.107130139742571 1.27445760797279 0.181072246860648 75 62 292.962177465039
504 1.43954432043431 1.79279914001377 0.164843867209369 0.129760714032536 1.06208650125869 1.3464569051726 73 52 304.606814636731
505 1.57033355016817 2.41134465677779 0.0367841295182643 0.148706098531667 1.27767435458177 0.638464826166998 75 60 303.178150102994
506 1.41525550389656 2.27927211264975 0.0656731285110411 0.10640132284839 1.31927719975324 0.269091364443688 74 66 294.944194665138
507 1.53250968892974 1.628432154071 0.0825137906292307 0.145519488538653 1.09092630860606 0.169823244622554 73 69 294.654297792257
508 1.44822062031792 2.52391138514255 0.162160975455717 0.218809060843146 1.15141656306973 0.0511232053809149 73 51 294.059427170406
509 1.74438956423484 1.70829077922881 0.137547113579013 0.213131224681942 1.05961834542896 0.315988515982158 71 42 294.31597389828
510 1.68665946549393 2.01260249263896 0.0684730679014907 0.219086996696729 1.21323676549006 0.428271192616521 72 40 298.24701469077
511 1.52920164796851 1.95454305335887 0.0578314644246552 0.196192426123328 1.29134030843412 0.218424485001372 75 39 296.991729277632
512 1.43417724547359 2.28776115176268 0.122704409363344 0.182082774299349 1.20440546543261 1.23381008806724 72 39 294.355493921003
513 1.65416469448224 2.28331548448049 0.141361175313492 0.146324154921287 0.927914711456761 0.503825001919312 74 63 293.735403109522
514 1.48090743755646 1.71057043450289 0.172172829790937 0.0429880414153642 0.962058775609032 0.131100460938726 75 68 300.774071528327
515 1.70419674641191 2.05603873197908 0.129121140559154 0.0838281344342846 1.13632246385208 1.68803686099417 74 64 299.029388701194
516 1.46317758797228 2.32421828952611 0.167648501385144 0.138130419055896 1.21239936406842 0.294628065640741 74 48 292.661092248058
517 1.42270582293937 1.70413922070572 0.112464437059757 0.0896253899269845 1.20537627008079 0.511911493395919 74 59 303.316710043544
518 1.71013406801526 2.1634931298908 0.110482138822034 0.243413178917615 1.12860223242268 0.165758629757379 72 61 301.040544506279
519 1.51676062163798 2.59994154477414 0.0906941176631786 0.213711716539125 1.07578339636149 0.0943538353366247 72 68 301.004906586884
520 1.76366194634522 2.01822168458983 0.128406338578845 0.235575267790732 1.16708581090851 0.19387921252915 74 53 303.448993495091
521 1.72871515959367 2.28093003700481 0.0661362980852152 0.106116777825751 0.990979477153598 1.00932028657446 71 41 297.955591594051
522 1.57773851656886 2.34870553836077 0.110191206228945 0.107704763428814 1.02574579807954 0.462910558424317 75 41 300.702357254981
523 1.43463128663164 2.473203141514 0.0540285473787541 0.257474857722728 1.03795583310378 1.69565096377518 71 39 303.239307141658
524 1.47539060247603 2.37171432990158 0.132650580229891 0.075959074779109 1.04727455047967 1.93256385719096 73 58 302.022544447499
525 1.53061086360944 2.32567034607569 0.0984593913236926 0.0770110575090874 1.27584759887507 0.0619896526843464 74 42 300.817472182035
526 1.47490046801169 2.24044030817938 0.164307247004091 0.0515893074756354 1.32087193377726 1.95130100790092 75 63 298.116126929267
527 1.42843326695054 2.16139235104439 0.146672836153077 0.16923994799139 1.03723465236515 0.0673200152079369 72 52 293.839168196114
528 1.5257580174629 2.0717814176219 0.122211905812173 0.153613797110618 0.997972839691676 0.685796414286648 71 64 303.350987206915
529 1.55827372650621 2.62936264522395 0.0526777349099915 0.217997487889952 1.07673537683837 0.765225744710051 74 41 295.791778137257
530 1.76379104701285 1.77192837050679 0.080924578770837 0.037564767444562 1.06153153421139 0.882251955943022 71 67 293.685454278502
531 1.70075301252611 1.64983013546186 0.0514130543149795 0.22676399344949 1.02850873733837 0.291811307332563 72 60 299.393604348579
532 1.60596608663101 2.39441329358793 0.151176948546571 0.0776413010649907 1.29500687160464 0.973152445550185 74 46 297.224303259783
533 1.65353475082273 2.3538177978655 0.0352302775137934 0.125011631611521 1.30778839610166 0.0732301416965923 75 43 294.473198226026
534 1.778666962623 2.29450699450561 0.0574366704809653 0.211401626676845 1.04390915760276 1.11177929948615 75 63 297.346400950604
535 1.66902422890544 2.58080038358792 0.046388820697436 0.0617326153906274 0.974490198996059 0.89146938109708 71 68 293.629082817562
536 1.73424524047023 1.67737484574943 0.134420155332225 0.127038080819257 1.03226997361812 0.282274973612504 72 67 295.266147838493
537 1.73492624583659 1.85376515348264 0.104104497003356 0.0414412367257313 1.30267282343692 0.77674924449363 75 53 292.59938717909
538 1.72639521583528 2.04425011827413 0.072904027877403 0.0908670617813347 1.21298020204338 0.630236622884681 73 61 294.887420924194
539 1.53658921544826 2.31917259062366 0.107810096402024 0.148003731272113 1.1562695286799 0.638136168688087 72 49 298.527915914173
540 1.73329634806071 2.00196486345431 0.155403980532653 0.245036873034928 1.08314654323127 3.86234372964151 75 61 296.281574737255
541 1.60180829651907 2.25910799710833 0.0976853674574699 0.0803170946928966 0.919344953608881 0.48065528457923 73 61 297.667740538192
542 1.79972553677102 2.20787581761238 0.0804870826991652 0.236860952794235 1.26759593412604 0.906085818511746 72 66 292.273469519036
543 1.46402663249403 2.55660423563118 0.0504764419447849 0.222171567753087 1.06686497706778 0.537208390917042 75 51 293.059608862525
544 1.67509026019843 1.69961919281899 0.0599199667536278 0.11931985002113 0.941100365833898 0.0796231028466543 73 57 297.163121565617
545 1.68505504415317 1.95059499603526 0.0740246760352437 0.235521396756792 1.32350643746107 3.14885234659109 72 46 301.901230052005
546 1.40103041856142 2.12149020394892 0.108712194918338 0.154933806067522 0.973528841339213 0.423068603695701 74 66 298.714733023011
547 1.51789227347689 2.42487008111914 0.0491569471814993 0.227014640201702 1.11016408697553 0.4892592834102 74 47 298.412812543207
548 1.44806110283627 2.07577552579558 0.075714018256618 0.212812224113817 1.12049788712209 0.439374448209024 71 63 292.613383605364
549 1.61333900425587 2.60814240253605 0.0858144513158043 0.0354874140314454 1.25504087999778 2.36611263289506 72 61 299.962728220382
550 1.6561132438384 1.64612531496048 0.156027434312347 0.157705675147055 0.980611188850704 1.785242851323 71 56 303.811548404844
551 1.52258348042772 2.08393724889395 0.0701489239879253 0.0778546030001948 0.95411253019764 2.31236922258517 71 67 302.68049938837
552 1.77225412194429 2.39005288901275 0.124117824913011 0.163141030686675 0.98098051711651 1.03519198912094 72 54 298.082757670115
553 1.64221632188053 2.05954681342958 0.114413123281382 0.0352535560856801 1.11907501577295 0.490414549104951 75 61 301.46057338454
554 1.47238640390059 1.69418605903106 0.146859374245698 0.102730583738363 0.955673424650495 0.369078898129236 73 54 303.854546727005
555 1.67995785091924 1.77722703420357 0.0625497041748535 0.255110789297002 1.1706810390407 1.10875546766649 75 66 303.045803506144
556 1.52200965413491 2.32774099341213 0.119366097210007 0.126479410040844 1.02468026192461 0.0168647932219258 72 57 293.324663978035
557 1.59074883313575 2.11544269133684 0.1126066407555 0.154440741127005 1.32024435742633 0.283878275498802 73 55 292.051326182271
558 1.63346036315331 2.60346249554339 0.047094520220772 0.0905991374133445 1.03358356539366 0.405578886472308 72 44 302.715392473395
559 1.68571723585683 2.23853677248362 0.043181818598985 0.241987499011914 1.18432733585661 2.42433615517445 75 59 301.471349223732
560 1.41085897000402 1.90845867649983 0.089778962804101 0.0521493872917456 1.10544074993699 0.403242104067142 72 58 302.661462400101
561 1.47926219312572 1.78494259950487 0.13961572820761 0.0386930010398673 1.19532688006341 1.3909221357423 73 49 293.890061822548
562 1.48060620611909 1.90917088022335 0.155646421144668 0.0418961376381809 1.09288839503056 1.25816229128322 74 69 298.850698563917
563 1.48679388844304 2.38593073992994 0.103317190230914 0.11468789956141 1.02500649210024 0.365631523617545 72 68 299.563996414404
564 1.76917774618979 2.02671138691317 0.154236923483249 0.169791159862353 1.13353992285175 0.186018528507963 72 64 293.308904391031
565 1.68016779088871 1.79071731510754 0.137080205329279 0.236270905985181 1.04872832574768 1.97742693415287 74 47 294.087561071558
566 1.65951688730154 2.05142974148953 0.176954335058508 0.0480227848082297 1.22934212085251 2.24306639043209 73 44 296.938272048817
567 1.53615714452153 1.70551720745627 0.0717700180511581 0.23414672097385 1.18657624236205 0.234026768446746 75 57 302.064558726867
568 1.74137762526033 1.82641289770681 0.119599695043571 0.123882152614144 1.32318455341075 1.63777141510696 72 61 300.786808853319
569 1.53427165920147 1.73825143184436 0.131384745011637 0.205746664673051 1.16878205825941 1.0739732067236 75 61 296.615501627376
570 1.58642681067769 1.66024144827321 0.0710363044148672 0.0761823046207453 1.18364659383017 0.758471889634232 75 70 295.479587845224
571 1.70682590197854 2.06937171125246 0.170477198466802 0.163488067303604 1.01643513706738 0.122203574651115 73 70 301.628322531466
572 1.67600383376195 2.3219848196807 0.101848659800127 0.0678593522648825 1.14077040701652 0.176487230311252 73 67 297.472331505314
573 1.71824010628535 2.26085426682632 0.1501687317651 0.145009656744827 1.28949919293654 0.91768309915722 73 47 293.296824461757
574 1.44341876545513 2.22047311464954 0.117421362175923 0.109456472155341 1.1620269759412 0.965385972837847 74 58 298.639530822202
575 1.60253290221789 2.17800242879967 0.089990880252702 0.0558659995489297 1.04222950751453 0.573605077517757 73 55 304.509039623861
576 1.62417707452047 2.15652946626081 0.0454441973761182 0.2486529776641 1.15368782710545 2.75320421489591 72 60 293.786158976308
577 1.72151364662066 2.57431714946116 0.0382052360614481 0.251112880589402 1.2352181633087 0.310791877520627 71 59 296.420502155442
578 1.5530061068149 2.18388040899159 0.0332353724915783 0.16219549348455 1.25200501658078 1.32507660736358 75 39 297.814933335372
579 1.59850483680455 2.29237679001788 0.110901613738325 0.244169717253723 1.23178940934616 0.851843496230768 71 70 301.2139713324
580 1.54437577732285 2.37007774393035 0.0357337841385984 0.072214006410216 1.15707533085314 1.02704546453886 72 68 294.132080924785
581 1.58728519485641 2.22638271651641 0.148946357906764 0.0921575474275207 1.15322691133593 1.35047484045114 72 67 303.496760148506
582 1.57630714323777 1.63529718868059 0.0948344448049227 0.244367194778443 1.04539405506221 0.0196297941637627 75 58 293.08354672397
583 1.45706395853688 2.09859894448098 0.071589811640875 0.133783786066185 1.11796614506817 0.124338028361254 71 50 293.975336625857
584 1.62623139360198 2.36717513292521 0.152832457058885 0.181485190830237 1.20790623176324 0.3109959089402 75 63 292.770501590025
585 1.57719920179862 2.05474567622484 0.167337477654945 0.234968076006136 1.0912107483058 0.154204036640729 71 65 292.236858554265
586 1.42895193410365 1.82868173805913 0.0883503132960702 0.102576150402811 1.12547846204115 2.65858486633728 74 40 303.974271726885
587 1.64099844814323 1.68212469569823 0.106632346017934 0.115582168641204 1.30006813647733 1.13205220449322 72 47 300.017103577492
588 1.57240369310389 2.13123010118654 0.161198837020705 0.179845176716563 1.16434809813093 1.89469855062917 75 61 296.597287121589
589 1.51152427007616 2.21312733552543 0.0524221721929772 0.211613550610045 1.05535694203518 0.64822761114045 75 52 298.585142047728
590 1.71253167156545 1.81494045424435 0.166827018407424 0.0596461250864835 1.14154853251903 2.94933235517417 73 40 301.370625365803
591 1.73690044036024 1.9221165837805 0.162431976218195 0.0545894739691314 0.94603260579 0.293351977922162 75 70 301.934219684837
592 1.70250628700059 1.63183572015015 0.0648157671020179 0.0620278397302053 1.00405025555766 0.0545425264314593 74 66 304.702646985492
593 1.42635249135287 1.76225764826209 0.127586401549253 0.248074372979739 1.05231262196063 0.347447994132443 71 56 304.521175222716
594 1.6364661999768 2.58374851142592 0.0596035736830335 0.1862557262689 1.20955928297754 1.86853331146367 72 39 301.709564365611
595 1.43320676691316 2.30955076717924 0.0876004426664902 0.0382182017120966 1.14427890536751 0.384930322687809 71 65 292.38482941913
596 1.74758514287293 2.0851295491156 0.129435821823063 0.0997826444439738 1.1138148058247 1.90321327316601 75 54 302.784209702692
597 1.42327379710841 1.65763431332036 0.162923458542353 0.0681888611088578 1.10475902628098 0.547671841964898 73 39 301.771099596447
598 1.42989670772097 1.90236365365676 0.0603932042379916 0.132460152905811 1.13531691297567 0.337591614852065 71 62 295.160514670751
599 1.41870032865196 2.19058957490405 0.0879929891225427 0.193458238246071 1.2377948393805 0.425683599427665 73 54 296.657955251997
600 1.54030694088794 1.77851513417488 0.101514600684068 0.123285738820053 1.26201246243638 0.0854546739452573 73 49 297.069877297733
601 1.7211918498359 2.1556210640103 0.0391161391219166 0.145852111284189 0.926931136036373 1.8445225895747 73 48 303.517289233046
602 1.50597633804447 2.17985915325003 0.0624461580365317 0.177129281716359 1.23606608058146 2.58000930989059 72 50 292.775167815144
603 1.68168001782431 2.24979172023462 0.174063089780626 0.234737468628485 0.972328138449959 0.456753203615357 73 66 297.316878281616
604 1.62538803070279 2.54559283393804 0.157798437937457 0.247500210118527 0.963852175104293 1.76822439733719 71 69 293.657165317164
605 1.55500275477049 1.85029923995445 0.155047808439332 0.241534675603309 1.13726232725626 3.68232811600123 71 46 302.128422341958
606 1.72508156735663 2.56441426579416 0.160266958905318 0.184896097852801 1.26598003447365 1.92721808363094 71 51 292.71516653961
607 1.45315755840012 2.42692261501165 0.0585319603138281 0.100723157132245 1.25761863437277 0.650706508156033 74 70 295.249347792615
608 1.54546605947367 1.96547270145779 0.0516723700314387 0.225219777237751 0.957878272915699 0.391367206469753 74 45 294.238509076657
609 1.42621969272974 1.63832575285348 0.0924639293945713 0.0958213210087336 1.29268971986328 0.529213481852713 74 52 292.893058237093
610 1.77698010081557 2.33791655994072 0.148367738663692 0.151662350656927 1.26463967737132 0.823788413586465 75 47 294.762124923413
611 1.64144454651353 2.5332873554544 0.0467358683655756 0.250771564289067 0.972987841800859 0.318902689993371 73 50 297.008098655147
612 1.57525248631753 2.47118996364865 0.161743685402899 0.194307272464731 0.950731343431272 0.830665307700085 74 69 297.589237957457
613 1.70549078763077 2.43181584757879 0.127102150042946 0.0338684653029497 1.2151498264122 0.457978025910707 73 41 302.221331284586
614 1.50279051919814 2.0043839414647 0.1336952638031 0.225948417445005 1.03426687292712 2.10021115219247 75 40 294.134094849058
615 1.49059015277682 2.41492375512001 0.155150963485046 0.0311068526582942 1.23826367521705 0.582849739083883 71 70 294.230285844762
616 1.7822305941842 1.88360814410345 0.159325529600323 0.18992380182502 1.19381073244285 1.45648759801388 75 46 304.474664300581
617 1.68800578860422 1.93871744640966 0.0935886123581655 0.223026435145645 1.05812136822616 2.69127551669202 73 47 302.90261647042
618 1.74354514033766 1.68105176879985 0.133872817463939 0.21238158994028 0.925337659395045 1.05292765663909 73 41 293.258162721253
619 1.44253896432614 2.36075636217668 0.0369558912534507 0.114091636800569 1.19453328618429 0.0176212592582549 71 63 304.756886188476
620 1.55384539561834 2.44801177478032 0.0626832512551028 0.207885203330191 0.920797694449102 0.314539778405242 75 49 302.114294418931
621 1.5629643852252 1.76681044378207 0.0753432658600387 0.206418647699551 1.22356228941407 0.146378829455117 74 70 296.464087447627
622 1.5428892465411 2.12653497615712 0.0975021161025973 0.17167031118114 1.21073017920071 1.25638906916255 75 57 298.011828095005
623 1.61391655354074 1.81166646516233 0.107226439371156 0.205176052661873 1.1598915631061 0.214673658151552 72 52 296.32396611493
624 1.48513610991449 1.92811334506096 0.161353837797506 0.191100797810455 1.20065304463833 0.333843872215528 71 53 301.553374293401
625 1.61561772683847 2.64176597857815 0.13943394927423 0.0385428905456743 1.29594299735274 0.0685705867476872 73 70 294.538487731043
626 1.48298643365772 1.72965586122157 0.0650992067810913 0.121995438849265 1.2703978413599 1.51657211830853 75 44 303.256133205514
627 1.6405830801261 2.04876786595851 0.0707845415910787 0.166519294554049 1.07413942316403 0.731243567691848 75 59 303.470829868394
628 1.58455896616326 1.78678046009846 0.0998310079983498 0.0994912734423449 0.995910918431136 0.30580358048315 74 52 299.852365829131
629 1.62695254114179 2.41065775621577 0.135402744311217 0.0436507836192523 0.93054050185617 0.2970035345938 74 46 298.100792083014
630 1.43295157358921 2.03655504236487 0.13047084651761 0.230912091977667 1.31807579035318 0.19603720384767 71 64 299.47659259889
631 1.56894199742692 2.19397532645724 0.077402025268761 0.0357501560398465 1.25135956469712 0.248434864326968 75 42 304.851874132002
632 1.44116311654349 2.1391110771352 0.0681392258779071 0.214942202698548 1.04930346253815 0.478106626114583 75 50 304.858486855583
633 1.47726576937065 2.38889506415183 0.0581038942394808 0.255365785405197 1.18970957020882 0.0371983929467912 74 50 295.315418142694
634 1.40322757635408 2.62703869551604 0.0956198280695057 0.134366075764675 1.21924895624124 0.241258354201899 72 58 297.563871732709
635 1.65019015729413 1.71713586294984 0.159529974514059 0.238496776869309 1.14621252847572 0.240835283492191 73 50 300.994803761689
636 1.79581568787137 2.63855125153721 0.142043006409509 0.178248531944432 0.922724787432688 1.24104880254931 74 50 302.01019695563
637 1.52071664888259 2.62472486706706 0.109271541476668 0.0795723883750889 1.30644162788096 0.54419176743715 73 68 302.194860414902
638 1.60794088236095 1.98230242369633 0.168539000492791 0.224256441652285 0.994973789212041 0.676997984626244 72 57 302.86901764866
639 1.53146814500937 2.0429230851779 0.0424010805049995 0.221432338404748 1.13082407492814 1.04275822757881 73 57 301.119328872773
640 1.62356335757915 2.24126123784365 0.173068691736866 0.186360411088852 0.996457251634856 0.878638548795597 71 53 299.822140143964